0.698787
0.698757
0.698708
0.698639
0.698550
0.698442
0.698314
0.698167
0.698000
0.697813
0.697607
0.697382
0.697138
0.696874
0.696591
0.696289
0.695968
0.695628
0.695269
0.694892
0.694495
0.694081
0.693648
0.693197
0.692727
0.692240
0.691735
0.691212
0.690671
0.690113
0.689538
0.688945
0.688336
0.687710
0.687067
0.686407
0.685732
0.685040
0.684332
0.683609
0.682870
0.682116
0.681347
0.680562
0.679763
0.678950
0.678122
0.677280
0.676424
0.675554
0.674671
0.673775
0.672865
0.671943
0.671009
0.670062
0.669103
0.668132
0.667149
0.666155
0.665150
0.664134
0.663108
0.662071
0.661024
0.659967
0.658900
0.657823
0.656738
0.655643
0.654540
0.653429
0.652309
0.651181
0.650045
0.648902
0.647752
0.646595
0.645430
0.644260
0.643083
0.641900
0.640711
0.639517
0.638317
0.637112
0.635902
0.634688
0.633469
0.632246
0.631019
0.629789
0.628554
0.627317
0.626076
0.624833
0.623587
0.622338
0.621087
0.619834
0.618579
0.617323
0.616065
0.614806
0.613545
0.612284
0.611022
0.609760
0.608497
0.607234
0.605971
0.604708
0.603446
0.602184
0.600922
0.599662
0.598402
0.597143
0.595886
0.594630
0.593375
0.592122
0.590871
0.589622
0.588374
0.587129
0.585886
0.584645
0.583407
0.582171
0.580938
0.579707
0.578480
0.577255
0.576033
0.574815
0.573599
0.572387
0.571178
0.569972
0.568770
0.567571
0.566375
0.565184
0.563995
0.562811
0.561630
0.560453
0.559279
0.558109
0.556943
0.555781
0.554623
0.553469
0.552318
0.551172
0.550029
0.548890
0.547755
0.546624
0.545497
0.544374
0.543255
0.542139
0.541028
0.539920
0.538816
0.537715
0.536619
0.535526
0.534437
0.533352
0.532270
0.531192
0.530117
0.529046
0.527979
0.526915
0.525854
0.524797
0.523743
0.522692
0.521644
0.520600
0.519559
0.518521
0.517485
0.516453
0.515424
0.514397
0.513373
0.512352
0.511334
0.510318
0.509305
0.508294
0.507286
0.506280
0.505276
0.504275
0.503276
0.502278
0.501283
0.500290
0.499299
0.498310
0.497322
0.496336
0.495352
0.494370
0.493389
0.492410
0.491432
0.490455
0.489480
0.488506
0.487533
0.486562
0.485592
0.484622
0.483654
0.482687
0.481720
0.480755
0.479790
0.478826
0.477863
0.476901
0.475939
0.474978
0.474017
0.473057
0.472098
0.471139
0.470180
0.469222
0.468265
0.467307
0.466350
0.465393
0.464437
0.463481
0.462525
0.461569
0.460614
0.459659
0.458704
0.457749
0.456794
0.455839
0.454885
0.453931
0.452977
0.452023
0.451069
0.450115
0.449162
0.448208
0.447255
0.446302
0.445350
0.444397
0.443445
0.442493
0.441541
0.440589
0.439638
0.438687
0.437736
0.436786
0.435836
0.434887
0.433938
0.432989
0.432041
0.431094
0.430147
0.429200
0.428255
0.427310
0.426365
0.425422
0.424479
0.423537
0.422596
0.421656
0.420717
0.419779
0.418842
0.417906
0.416972
0.416038
0.415106
0.414175
0.413246
0.412317
0.411391
0.410466
0.409542
0.408620
0.407700
0.406781
0.405864
0.404949
0.404036
0.403125
0.402216
0.401309
0.400404
0.399501
0.398600
0.397702
0.396806
0.395912
0.395021
0.394132
0.393246
0.392362
0.391481
0.390603
0.389727
0.388854
0.387984
0.387117
0.386253
0.385391
0.384533
0.383678
0.382826
0.381977
0.381131
0.380289
0.379450
0.378614
0.377782
0.376953
0.376127
0.375305
0.374487
0.373672
0.372860
0.372053
0.371249
0.370448
0.369652
0.368859
0.368070
0.367285
0.366503
0.365726
0.364952
0.364182
0.363417
0.362655
0.361897
0.361143
0.360394
0.359648
0.358906
0.358169
0.357435
0.356706
0.355980
0.355259
0.354542
0.353829
0.353120
0.352415
0.351714
0.351018
0.350325
0.349637
0.348953
0.348273
0.347597
0.346925
0.346258
0.345594
0.344935
0.344279
0.343628
0.342981
0.342338
0.341698
0.341063
0.340432
0.339805
0.339182
0.338563
0.337948
0.337336
0.336729
0.336126
0.335526
0.334930
0.334338
0.333750
0.333166
0.332585
0.332008
0.331435
0.330866
0.330300
0.329737
0.329179
0.328624
0.328072
0.327524
0.326979
0.326438
0.325900
0.325366
0.324835
0.324307
0.323783
0.323262
0.322744
0.322230
0.321718
0.321210
0.320705
0.320203
0.319704
0.319207
0.318714
0.318224
0.317737
0.317253
0.316772
0.316293
0.315818
0.315345
0.314875
0.314407
0.313943
0.313481
0.313022
0.312565
0.312111
0.311659
0.311211
0.310764
0.310320
0.309879
0.309440
0.309004
0.308570
0.308138
0.307709
0.307282
0.306857
0.306435
0.306015
0.305597
0.305182
0.304769
0.304358
0.303949
0.303543
0.303139
0.302737
0.302337
0.301939
0.301544
0.301150
0.300759
0.300370
0.299983
0.299598
0.299216
0.298835
0.298457
0.298080
0.297706
0.297334
0.296964
0.296596
0.296230
0.295867
0.295505
0.295146
0.294788
0.294433
0.294080
0.293729
0.293380
0.293034
0.292689
0.292347
0.292007
0.291669
0.291333
0.290999
0.290668
0.290339
0.290012
0.289687
0.289365
0.289045
0.288727
0.288411
0.288098
0.287787
0.287479
0.287172
0.286869
0.286567
0.286268
0.285972
0.285678
0.285386
0.285097
0.284810
0.284526
0.284245
0.283966
0.283689
0.283415
0.283144
0.282875
0.282609
0.282346
0.282086
0.281828
0.281572
0.281320
0.281070
0.280823
0.280579
0.280338
0.280099
0.279864
0.279631
0.279401
0.279174
0.278950
0.278729
0.278510
0.278295
0.278083
0.277874
0.277667
0.277464
0.277264
0.277066
0.276872
0.276681
0.276493
0.276308
0.276126
0.275948
0.275772
0.275600
0.275430
0.275264
0.275101
0.274941
0.274784
0.274631
0.274480
0.274333
0.274189
0.274048
0.273911
0.273776
0.273645
0.273517
0.273392
0.273270
0.273152
0.273037
0.272924
0.272816
0.272710
0.272607
0.272508
0.272412
0.272319
0.272229
0.272142
0.272058
0.271978
0.271900
0.271826
0.271755
0.271687
0.271622
0.271560
0.271501
0.271445
0.271392
0.271342
0.271295
0.271252
0.271211
0.271173
0.271138
0.271106
0.271076
0.271050
0.271026
0.271006
0.270988
0.270973
0.270960
0.270951
0.270944
0.270940
0.270939
0.270940
0.270944
0.270950
0.270959
0.270971
0.270985
0.271002
0.271021
0.271043
0.271067
0.271094
0.271123
0.271154
0.271188
0.271224
0.271262
0.271303
0.271346
0.271391
0.271439
0.271488
0.271540
0.271594
0.271650
0.271708
0.271768
0.271830
0.271894
0.271960
0.272028
0.272098
0.272170
0.272244
0.272320
0.272397
0.272477
0.272558
0.272641
0.272726
0.272812
0.272900
0.272990
0.273082
0.273175
0.273270
0.273366
0.273464
0.273564
0.273665
0.273768
0.273872
0.273978
0.274085
0.274194
0.274304
0.274416
0.274529
0.274643
0.274759
0.274877
0.274995
0.275115
0.275237
0.275360
0.275484
0.275609
0.275736
0.275864
0.275994
0.276125
0.276257
0.276390
0.276525
0.276660
0.276798
0.276936
0.277076
0.277217
0.277359
0.277502
0.277647
0.277793
0.277940
0.278089
0.278239
0.278390
0.278542
0.278695
0.278850
0.279006
0.279163
0.279322
0.279482
0.279643
0.279805
0.279969
0.280134
0.280300
0.280468
0.280637
0.280807
0.280979
0.281152
0.281326
0.281501
0.281678
0.281857
0.282036
0.282217
0.282400
0.282584
0.282769
0.282956
0.283144
0.283334
0.283525
0.283717
0.283911
0.284107
0.284304
0.284502
0.284702
0.284904
0.285107
0.285312
0.285518
0.285726
0.285935
0.286146
0.286359
0.286573
0.286789
0.287006
0.287226
0.287446
0.287669
0.287893
0.288119
0.288347
0.288576
0.288807
0.289040
0.289275
0.289511
0.289749
0.289989
0.290231
0.290474
0.290720
0.290967
0.291216
0.291466
0.291719
0.291973
0.292229
0.292487
0.292747
0.293009
0.293273
0.293538
0.293806
0.294075
0.294346
0.294619
0.294894
0.295171
0.295450
0.295730
0.296013
0.296297
0.296583
0.296872
0.297162
0.297453
0.297747
0.298043
0.298341
0.298640
0.298941
0.299245
0.299550
0.299857
0.300166
0.300476
0.300789
0.301103
0.301419
0.301737
0.302057
0.302379
0.302703
0.303028
0.303355
0.303684
0.304015
0.304347
0.304681
0.305017
0.305355
0.305694
0.306035
0.306378
0.306723
0.307069
0.307417
0.307767
0.308118
0.308471
0.308825
0.309181
0.309539
0.309898
0.310259
0.310621
0.310985
0.311351
0.311718
0.312086
0.312456
0.312827
0.313200
0.313575
0.313950
0.314327
0.314706
0.315086
0.315467
0.315850
0.316234
0.316619
0.317006
0.317393
0.317783
0.318173
0.318565
0.318958
0.319352
0.319747
0.320144
0.320541
0.320940
0.321340
0.321742
0.322144
0.322547
0.322952
0.323357
0.323764
0.324172
0.324581
0.324990
0.325401
0.325813
0.326226
0.326640
0.327055
0.327471
0.327887
0.328305
0.328724
0.329143
0.329564
0.329985
0.330408
0.330831
0.331255
0.331680
0.332106
0.332533
0.332961
0.333389
0.333819
0.334249
0.334680
0.335112
0.335545
0.335979
0.336413
0.336849
0.337285
0.337722
0.338160
0.338598
0.339038
0.339478
0.339919
0.340361
0.340804
0.341248
0.341692
0.342138
0.342584
0.343031
0.343479
0.343928
0.344377
0.344828
0.345279
0.345731
0.346184
0.346638
0.347092
0.347548
0.348005
0.348462
0.348920
0.349379
0.349840
0.350301
0.350763
0.351225
0.351689
0.352154
0.352620
0.353087
0.353554
0.354023
0.354493
0.354963
0.355435
0.355908
0.356381
0.356856
0.357332
0.357809
0.358287
0.358766
0.359246
0.359727
0.360209
0.360693
0.361177
0.361663
0.362150
0.362638
0.363127
0.363617
0.364109
0.364601
0.365095
0.365590
0.366086
0.366584
0.367083
0.367583
0.368084
0.368586
0.369090
0.369595
0.370101
0.370609
0.371118
0.371628
0.372139
0.372652
0.373166
0.373682
0.374198
0.374717
0.375236
0.375757
0.376279
0.376802
0.377327
0.377854
0.378381
0.378910
0.379441
0.379972
0.380505
0.381040
0.381576
0.382113
0.382652
0.383192
0.383733
0.384276
0.384820
0.385365
0.385912
0.386461
0.387010
0.387561
0.388114
0.388667
0.389223
0.389779
0.390337
0.390896
0.391456
0.392018
0.392582
0.393146
0.393712
0.394279
0.394847
0.395417
0.395988
0.396560
0.397134
0.397709
0.398285
0.398862
0.399440
0.400020
0.400601
0.401183
0.401766
0.402351
0.402937
0.403523
0.404111
0.404700
0.405290
0.405882
0.406474
0.407067
0.407662
0.408257
0.408853
0.409451
0.410049
0.410649
0.411249
0.411850
0.412453
0.413056
0.413660
0.414265
0.414870
0.415477
0.416085
0.416693
0.417302
0.417912
0.418522
0.419133
0.419746
0.420358
0.420972
0.421586
0.422200
0.422816
0.423432
0.424048
0.424666
0.425283
0.425901
0.426520
0.427140
0.427759
0.428380
0.429000
0.429621
0.430243
0.430865
0.431487
0.432110
0.432733
0.433357
0.433980
0.434604
0.435229
0.435853
0.436478
0.437103
0.437728
0.438354
0.438980
0.439606
0.440232
0.440858
0.441484
0.442110
0.442737
0.443364
0.443990
0.444617
0.445244
0.445870
0.446497
0.447124
0.447751
0.448378
0.449004
0.449631
0.450258
0.450884
0.451511
0.452137
0.452764
0.453390
0.454016
0.454642
0.455267
0.455893
0.456518
0.457144
0.457769
0.458394
0.459018
0.459643
0.460267
0.460891
0.461515
0.462138
0.462762
0.463385
0.464007
0.464630
0.465252
0.465874
0.466495
0.467117
0.467738
0.468358
0.468979
0.469599
0.470218
0.470838
0.471457
0.472075
0.472693
0.473311
0.473929
0.474546
0.475163
0.475779
0.476395
0.477010
0.477626
0.478240
0.478855
0.479468
0.480082
0.480695
0.481307
0.481920
0.482531
0.483143
0.483753
0.484364
0.484973
0.485583
0.486192
0.486800
0.487408
0.488015
0.488622
0.489228
0.489834
0.490440
0.491044
0.491649
0.492252
0.492855
0.493458
0.494060
0.494661
0.495262
0.495862
0.496462
0.497061
0.497659
0.498257
0.498854
0.499450
0.500046
0.500641
0.501235
0.501829
0.502422
0.503014
0.503606
0.504197
0.504787
0.505376
0.505965
0.506552
0.507139
0.507725
0.508311
0.508895
0.509479
0.510061
0.510643
0.511224
0.511804
0.512383
0.512961
0.513538
0.514114
0.514690
0.515264
0.515837
0.516409
0.516980
0.517550
0.518118
0.518686
0.519252
0.519818
0.520382
0.520945
0.521506
0.522067
0.522626
0.523184
0.523740
0.524296
0.524850
0.525402
0.525953
0.526503
0.527051
0.527598
0.528143
0.528687
0.529229
0.529770
0.530309
0.530846
0.531382
0.531916
0.532449
0.532980
0.533509
0.534036
0.534562
0.535085
0.535607
0.536127
0.536645
0.537162
0.537676
0.538188
0.538699
0.539207
0.539713
0.540217
0.540720
0.541220
0.541718
0.542213
0.542707
0.543198
0.543687
0.544174
0.544659
0.545141
0.545621
0.546099
0.546574
0.547047
0.547517
0.547985
0.548450
0.548913
0.549373
0.549831
0.550286
0.550739
0.551189
0.551636
0.552080
0.552522
0.552961
0.553398
0.553831
0.554262
0.554690
0.555116
0.555538
0.555957
0.556374
0.556788
0.557198
0.557606
0.558011
0.558413
0.558812
0.559207
0.559600
0.559990
0.560376
0.560760
0.561140
0.561517
0.561891
0.562262
0.562630
0.562994
0.563356
0.563714
0.564069
0.564420
0.564768
0.565113
0.565455
0.565793
0.566129
0.566460
0.566789
0.567114
0.567435
0.567754
0.568068
0.568380
0.568688
0.568993
0.569294
0.569592
0.569886
0.570177
0.570464
0.570748
0.571029
0.571306
0.571579
0.571849
0.572116
0.572379
0.572638
0.572894
0.573147
0.573395
0.573641
0.573883
0.574121
0.574356
0.574587
0.574815
0.575039
0.575260
0.575477
0.575690
0.575900
0.576107
0.576309
0.576509
0.576705
0.576897
0.577085
0.577270
0.577452
0.577630
0.577804
0.577975
0.578142
0.578306
0.578466
0.578623
0.578776
0.578925
0.579071
0.579214
0.579352
0.579488
0.579619
0.579748
0.579872
0.579993
0.580111
0.580225
0.580336
0.580443
0.580546
0.580646
0.580742
0.580835
0.580924
0.581010
0.581093
0.581171
0.581247
0.581318
0.581387
0.581451
0.581512
0.581570
0.581624
0.581675
0.581722
0.581766
0.581806
0.581843
0.581876
0.581906
0.581932
0.581955
0.581974
0.581990
0.582002
0.582011
0.582017
0.582018
0.582017
0.582012
0.582003
0.581991
0.581976
0.581957
0.581934
0.581908
0.581879
0.581846
0.581810
0.581770
0.581727
0.581680
0.581630
0.581576
0.581519
0.581458
0.581394
0.581326
0.581255
0.581181
0.581103
0.581022
0.580937
0.580848
0.580756
0.580661
0.580562
0.580460
0.580354
0.580245
0.580133
0.580017
0.579897
0.579774
0.579647
0.579517
0.579384
0.579247
0.579107
0.578963
0.578816
0.578665
0.578511
0.578353
0.578192
0.578027
0.577859
0.577687
0.577512
0.577334
0.577152
0.576967
0.576778
0.576585
0.576390
0.576191
0.575988
0.575782
0.575572
0.575359
0.575143
0.574923
0.574700
0.574473
0.574243
0.574010
0.573773
0.573532
0.573289
0.573042
0.572791
0.572537
0.572280
0.572019
0.571755
0.571488
0.571217
0.570943
0.570666
0.570385
0.570101
0.569814
0.569523
0.569229
0.568932
0.568631
0.568327
0.568020
0.567710
0.567396
0.567079
0.566759
0.566436
0.566109
0.565780
0.565447
0.565111
0.564772
0.564429
0.564084
0.563735
0.563384
0.563029
0.562671
0.562311
0.561947
0.561580
0.561210
0.560837
0.560461
0.560082
0.559701
0.559316
0.558928
0.558538
0.558144
0.557748
0.557349
0.556947
0.556543
0.556135
0.555725
0.555312
0.554896
0.554478
0.554057
0.553633
0.553207
0.552778
0.552346
0.551912
0.551475
0.551036
0.550594
0.550150
0.549703
0.549254
0.548803
0.548349
0.547892
0.547434
0.546972
0.546509
0.546043
0.545576
0.545105
0.544633
0.544158
0.543682
0.543203
0.542722
0.542239
0.541753
0.541266
0.540777
0.540286
0.539792
0.539297
0.538800
0.538301
0.537800
0.537297
0.536792
0.536286
0.535778
0.535268
0.534756
0.534242
0.533727
0.533210
0.532692
0.532172
0.531650
0.531126
0.530602
0.530075
0.529547
0.529018
0.528487
0.527955
0.527421
0.526886
0.526349
0.525811
0.525272
0.524731
0.524189
0.523646
0.523102
0.522556
0.522010
0.521462
0.520912
0.520362
0.519811
0.519258
0.518704
0.518150
0.517594
0.517037
0.516479
0.515920
0.515360
0.514800
0.514238
0.513675
0.513112
0.512547
0.511982
0.511416
0.510849
0.510281
0.509712
0.509142
0.508572
0.508001
0.507429
0.506857
0.506284
0.505710
0.505135
0.504560
0.503984
0.503407
0.502830
0.502252
0.501673
0.501094
0.500515
0.499934
0.499354
0.498772
0.498190
0.497608
0.497025
0.496441
0.495857
0.495273
0.494688
0.494103
0.493517
0.492931
0.492344
0.491757
0.491169
0.490581
0.489993
0.489404
0.488815
0.488226
0.487636
0.487046
0.486456
0.485865
0.485274
0.484682
0.484091
0.483499
0.482906
0.482314
0.481721
0.481128
0.480535
0.479941
0.479347
0.478753
0.478159
0.477565
0.476970
0.476376
0.475781
0.475185
0.474590
0.473995
0.473399
0.472803
0.472208
0.471612
0.471016
0.470419
0.469823
0.469227
0.468630
0.468034
0.467437
0.466841
0.466244
0.465647
0.465051
0.464454
0.463857
0.463261
0.462664
0.462067
0.461471
0.460874
0.460277
0.459681
0.459085
0.458488
0.457892
0.457296
0.456700
0.456104
0.455508
0.454913
0.454317
0.453722
0.453127
0.452532
0.451937
0.451343
0.450748
0.450154
0.449560
0.448967
0.448374
0.447781
0.447188
0.446596
0.446003
0.445412
0.444820
0.444229
0.443639
0.443048
0.442458
0.441869
0.441280
0.440691
0.440103
0.439515
0.438928
0.438341
0.437755
0.437169
0.436584
0.435999
0.435415
0.434831
0.434248
0.433666
0.433084
0.432503
0.431922
0.431342
0.430763
0.430184
0.429606
0.429029
0.428453
0.427877
0.427302
0.426728
0.426154
0.425581
0.425009
0.424438
0.423868
0.423299
0.422730
0.422162
0.421595
0.421029
0.420464
0.419900
0.419337
0.418775
0.418213
0.417653
0.417094
0.416535
0.415978
0.415422
0.414866
0.414312
0.413759
0.413207
0.412656
0.412106
0.411557
0.411009
0.410462
0.409917
0.409372
0.408829
0.408287
0.407746
0.407206
0.406668
0.406131
0.405594
0.405060
0.404526
0.403994
0.403462
0.402933
0.402404
0.401877
0.401351
0.400826
0.400302
0.399780
0.399259
0.398740
0.398222
0.397705
0.397189
0.396675
0.396162
0.395651
0.395141
0.394632
0.394125
0.393619
0.393114
0.392611
0.392109
0.391609
0.391110
0.390612
0.390116
0.389621
0.389128
0.388636
0.388145
0.387656
0.387168
0.386682
0.386197
0.385714
0.385232
0.384751
0.384272
0.383795
0.383319
0.382844
0.382370
0.381899
0.381428
0.380959
0.380492
0.380026
0.379561
0.379098
0.378636
0.378175
0.377717
0.377259
0.376803
0.376348
0.375895
0.375444
0.374993
0.374544
0.374097
0.373651
0.373206
0.372763
0.372321
0.371881
0.371442
0.371005
0.370569
0.370134
0.369701
0.369269
0.368839
0.368410
0.367982
0.367556
0.367131
0.366708
0.366286
0.365865
0.365446
0.365028
0.364611
0.364196
0.363783
0.363370
0.362959
0.362550
0.362142
0.361735
0.361329
0.360925
0.360523
0.360121
0.359721
0.359323
0.358925
0.358530
0.358135
0.357742
0.357350
0.356960
0.356571
0.356183
0.355796
0.355411
0.355028
0.354645
0.354265
0.353885
0.353507
0.353130
0.352754
0.352380
0.352007
0.351636
0.351266
0.350897
0.350530
0.350164
0.349799
0.349436
0.349074
0.348713
0.348354
0.347996
0.347640
0.347285
0.346931
0.346579
0.346228
0.345878
0.345530
0.345183
0.344838
0.344494
0.344152
0.343811
0.343471
0.343133
0.342796
0.342460
0.342126
0.341794
0.341463
0.341133
0.340805
0.340478
0.340153
0.339829
0.339506
0.339185
0.338866
0.338548
0.338231
0.337916
0.337603
0.337291
0.336980
0.336672
0.336364
0.336058
0.335754
0.335451
0.335150
0.334850
0.334552
0.334255
0.333960
0.333666
0.333375
0.333084
0.332795
0.332508
0.332223
0.331939
0.331656
0.331376
0.331097
0.330819
0.330544
0.330269
0.329997
0.329726
0.329457
0.329189
0.328924
0.328659
0.328397
0.328136
0.327877
0.327620
0.327364
0.327110
0.326858
0.326607
0.326358
